1 2960 40 0

2 2959 41 0

3 2959 41 0

4 2959 41 0

5 2959 41 0

6 2959 41 0

7 2959 41 0

8 2959 41 0

9 2959 40 1

10 2959 40 1

11 2959 40 1

12 2959 39 2

13 2959 38 3

14 2959 38 3

15 2959 38 3

16 2958 39 3

17 2958 39 3

18 2958 39 3

19 2958 39 3

20 2958 39 3

21 2957 40 3

22 2957 39 4

23 2956 40 4

24 2955 41 4

25 2955 41 4

26 2955 41 4

27 2955 41 4

28 2954 42 4

29 2952 44 4

30 2952 44 4

31 2952 43 5

32 2952 43 5

33 2952 43 5

34 2952 43 5

35 2952 43 5

36 2952 42 6

37 2950 44 6

38 2950 44 6

39 2950 44 6

40 2949 45 6

41 2949 45 6

42 2949 45 6

43 2949 45 6

44 2949 45 6

45 2949 45 6

46 2949 45 6

47 2949 45 6

48 2948 45 7

49 2948 45 7

50 2948 45 7

51 2948 44 8

52 2948 44 8

53 2948 44 8

54 2947 44 9

55 2946 45 9

56 2946 45 9

57 2945 46 9

58 2945 46 9

59 2944 47 9

60 2944 47 9

61 2944 47 9

62 2944 46 10

63 2944 46 10

64 2944 46 10

65 2944 45 11

66 2943 46 11

67 2943 46 11

68 2943 46 11

69 2943 45 12

70 2943 45 12

71 2943 45 12

72 2942 45 13

73 2942 45 13

74 2941 46 13

75 2940 47 13

76 2940 47 13

77 2940 47 13

78 2940 47 13

79 2939 47 14

80 2939 47 14

81 2939 46 15

82 2939 46 15

83 2939 46 15

84 2937 48 15

85 2937 48 15

86 2937 48 15

87 2937 48 15

88 2937 48 15

89 2937 48 15

90 2937 48 15

91 2933 52 15

92 2932 53 15

93 2931 54 15

94 2931 54 15

95 2929 56 15

96 2929 56 15

97 2928 57 15

98 2928 57 15

99 2928 56 16

100 2928 56 16

101 2928 55 17

102 2928 55 17

103 2928 55 17

104 2926 57 17

105 2926 57 17

106 2926 57 17

107 2925 58 17

108 2925 58 17

109 2925 58 17

110 2924 58 18

111 2924 58 18

112 2924 58 18

113 2924 58 18

114 2924 58 18

115 2924 57 19

116 2924 57 19

117 2924 57 19

118 2924 57 19

119 2924 57 19

120 2924 57 19

121 2924 57 19

122 2924 57 19

123 2924 57 19

124 2924 57 19

125 2923 58 19

126 2923 58 19

127 2921 60 19

128 2921 60 19

129 2921 60 19

130 2920 61 19

131 2919 62 19

132 2919 62 19

133 2918 62 20

134 2918 62 20

135 2918 61 21

136 2918 60 22

137 2918 60 22

138 2918 60 22

139 2918 60 22

140 2918 60 22

141 2918 60 22

142 2917 60 23

143 2915 62 23

144 2915 62 23

145 2915 62 23

146 2914 63 23

147 2913 64 23

148 2912 65 23

149 2911 66 23

150 2910 66 24

151 2910 65 25

152 2910 64 26

153 2910 63 27

154 2910 61 29

155 2910 60 30

156 2909 61 30

157 2908 61 31

158 2908 60 32

159 2908 60 32

160 2907 61 32

161 2905 63 32

162 2903 62 35

163 2903 62 35

164 2903 62 35

165 2902 63 35

166 2902 62 36

167 2900 63 37

168 2899 64 37

169 2899 64 37

170 2899 60 41

171 2898 58 44

172 2897 59 44

173 2895 60 45

174 2895 60 45

175 2895 59 46

176 2895 59 46

177 2894 60 46

178 2894 59 47

179 2894 58 48

180 2894 58 48

181 2891 61 48

182 2891 61 48

183 2890 61 49

184 2889 60 51

185 2889 60 51

186 2887 61 52

187 2887 61 52

188 2887 59 54

189 2886 60 54

190 2886 60 54

191 2886 60 54

192 2885 61 54

193 2884 61 55

194 2883 62 55

195 2882 62 56

196 2882 62 56

197 2882 62 56

198 2880 64 56

199 2880 62 58

200 2879 63 58

201 2878 64 58

202 2876 66 58

203 2876 66 58

204 2874 66 60

205 2874 66 60

206 2874 66 60

207 2874 66 60

208 2874 66 60

209 2874 65 61

210 2874 64 62

211 2874 64 62

212 2874 64 62

213 2873 65 62

214 2873 65 62

215 2871 66 63

216 2870 67 63

217 2869 68 63

218 2868 69 63

219 2868 69 63

220 2866 71 63

221 2865 72 63

222 2863 74 63

223 2863 74 63

224 2859 78 63

225 2859 78 63

226 2857 79 64

227 2855 80 65

228 2852 82 66

229 2850 83 67

230 2849 82 69

231 2848 83 69

232 2848 82 70

233 2846 84 70

234 2846 83 71

235 2845 84 71

236 2843 86 71

237 2841 87 72

238 2841 87 72

239 2839 87 74

240 2838 88 74

241 2837 89 74

242 2835 91 74

243 2835 90 75

244 2829 96 75

245 2829 96 75

246 2828 97 75

247 2827 97 76

248 2824 100 76

249 2823 101 76

250 2823 100 77

251 2822 101 77

252 2821 100 79

253 2820 101 79

254 2819 102 79

255 2817 104 79

256 2817 104 79

257 2815 106 79

258 2814 106 80

259 2813 106 81

260 2808 109 83

261 2807 110 83

262 2805 112 83

263 2804 112 84

264 2803 112 85

265 2802 113 85

266 2800 115 85

267 2800 115 85

268 2798 117 85

269 2798 117 85

270 2796 119 85

271 2796 119 85

272 2792 123 85

273 2792 122 86

274 2791 121 88

275 2789 123 88

276 2788 124 88

277 2787 124 89

278 2786 125 89

279 2784 126 90

280 2784 126 90

281 2784 126 90

282 2781 128 91

283 2780 129 91

284 2779 130 91

285 2779 129 92

286 2778 130 92

287 2778 130 92

288 2776 132 92

289 2774 131 95

290 2774 130 96

291 2773 128 99

292 2772 129 99

293 2772 129 99

294 2769 131 100

295 2769 131 100

296 2768 131 101

297 2767 131 102

298 2767 129 104

299 2764 132 104

300 2762 133 105

